TypeID 	Mean Vector 	Cov Matrix
0 	[17.01877020737774, -17.54259212179461, 12.78473395689128, -20.549864842193355, -6.179644322539174] 	[[88.97544049017347, 8.1779527821732998, 6.5036821693208262, 4.5140262116621042, 0], [8.1779527821732998, 95.87559593924685, 5.0966956375867909, 4.0595226546534162, 0.31828985594526543], [6.5036821693208262, 5.0966956375867909, 9.721842298291623, 4.9968097780131, 0], [4.5140262116621042, 4.0595226546534162, 4.9968097780131, 138.69587957134917, 0], [0, 0.31828985594526543, 0, 0, 1.536228772502999]]
1 	[16.59580645302775, 1.7987913206955142, 1.8473338673905602, -18.891353908085733, -13.90439484575649] 	[[38.00119724448767, 0.83300359673820135, 0, 0, 2.202220634667964], [0.83300359673820135, 0.7774129034894504, 0, 0, 0], [0, 0, 0.9515004116708591, 0, 0], [0, 0, 0, 62.29192195806992, 0], [2.202220634667964, 0, 0, 0, 9.571555426594548]]
2 	[-6.4310548443860736, -14.754697845083074, -17.643729441939257, 15.176972070323494, 3.1846254047308165] 	[[8.034470071852114, 3.1206680649907601, 0, 2.0430308570461611, 0.34000700144275348], [3.1206680649907601, 44.97631229393487, 1.9165566589496312, 5.5549860785725151, 0.19541143492876611], [0, 1.9165566589496312, 64.93371696026813, 0, 0], [2.0430308570461611, 5.5549860785725151, 0, 56.353503795787894, 0.18311637267902847], [0.34000700144275348, 0.19541143492876611, 0, 0.18311637267902847, 2.566493280046964]]
3 	[0.1342032984472432, 11.329349198647286, 11.144380428489946, -8.94926166182533, -8.482394933538426] 	[[0.0018866221765233583, 0.045318250766206679, 0.046240287690889836, 0, 0], [0.045318250766206679, 21.24346276520074, 0, 0, 0.38836099902101712], [0.046240287690889836, 0, 26.72004027524852, 0, 0], [0, 0, 0, 21.90914959731715, 0], [0, 0.38836099902101712, 0, 0, 3.7013292005734604]]
4 	[-15.507784319617992, 8.350136698219167, 12.600693952402544, 14.233872035255636, -1.9621781356126462] 	[[24.624380981220767, 0, 0, 2.9670540486661454, 0.45291979774160684], [0, 2.8323254459311293, 0, 0, 0], [0, 0, 30.07033785220206, 0, 1.3893475222956011], [2.9670540486661454, 0, 0, 25.7804802287985, 0], [0.45291979774160684, 0, 1.3893475222956011, 0, 1.1045840320069753]]
5 	[1.300671404964067, 16.863892501237352, 8.953719170258811, 4.567335448522442, -1.3277065484284805] 	[[0.19289584434850762, 0, 0, 0.09121273255781305, 0], [0, 18.233640552912046, 0, 1.3572565319073326, 0], [0, 0, 24.147106095429272, 0, 0.53891258735219216], [0.09121273255781305, 1.3572565319073326, 0, 2.69602021808575, 0], [0, 0, 0.53891258735219216, 0, 0.5056135818779735]]
6 	[0.8125311202690355, 5.105229054230339, -15.561963039733051, 14.596176226373338, 20.107338018699522] 	[[0.2196615634002872, 0.29608794580333997, 0, 0, 0], [0.29608794580333997, 6.746642176501081, 1.6039804201741845, 2.0912413264318728, 4.883652930031305], [0, 1.6039804201741845, 10.738368362012737, 0, 0], [0, 2.0912413264318728, 0, 11.908243882682942, 0], [0, 4.883652930031305, 0, 0, 82.07122934111051]]
7 	[7.867443605805324, -1.1446561921196334, 6.670201143964807, -19.027814228024702, -4.311390859328053] 	[[19.8623024622803, 0.061259388086114079, 0, 0, 0], [0.061259388086114079, 0.45049168786106125, 0, 0, 0.015927133345545318], [0, 0, 14.930621314904794, 0, 0], [0, 0, 0, 41.47049350633693, 0], [0, 0.015927133345545318, 0, 0, 1.1673838018994949]]
8 	[8.879272681655344, 0.7133467337149071, 7.527196293614438, -19.30620993645788, -0.24364345583866864] 	[[21.226621352746527, 0, 0, 0, 0.0093007569908931716], [0, 0.04333280667417252, 0, 0.050410224582119342, 0], [0, 0, 4.228085877394907, 0, 0], [0, 0.050410224582119342, 0, 16.139789240065603, 0], [0.0093007569908931716, 0, 0, 0, 0.004572151278155241]]
9 	[-11.526852240762931, 15.803434885268473, -8.360155581857876, -4.547810874628308, -20.057239739106446] 	[[32.30584395049663, 0, 0, 0, 0], [0, 20.793848067164156, 0, 2.4813415867273947, 0.62108946602656911], [0, 0, 4.970873441807691, 0.50360750623444739, 0], [0, 2.4813415867273947, 0.50360750623444739, 4.857972051086333, 0], [0, 0.62108946602656911, 0, 0, 28.845022589655574]]
10 	[-14.217292278179753, -7.862306051928751, 20.861500198280076, 11.238007748211004, -10.34634886566147] 	[[51.012356754666285, 1.7527380064008837, 12.916468006015792, 0.63669087381836154, 0], [1.7527380064008837, 2.486907819229506, 0, 0.21679787011341789, 0], [12.916468006015792, 0, 107.35491708785285, 0, 9.2455019020667262], [0.63669087381836154, 0.21679787011341789, 0, 41.057052256282056, 5.5238406468911538], [0, 0, 9.2455019020667262, 5.5238406468911538, 36.23097417231945]]
11 	[-9.590154445100456, -19.322833272941022, -12.130038982195519, -17.342540556258076, 7.879311627420634] 	[[6.175944690166087, 0, 0, 0, 0], [0, 100.0836405541156, 0, 0, 0], [0, 0, 35.91179151120261, 0, 1.8849746173230408], [0, 0, 0, 52.52027485626818, 1.903775762540052], [0, 0, 1.8849746173230408, 1.903775762540052, 13.797703490598224]]
12 	[-2.100512199401397, -14.554721575082096, -19.297574543843112, 4.6340778092376524, 3.6744685461029256] 	[[0.9886357280750029, 0, 0, 0.49157437216728211, 0], [0, 9.731295050007317, 4.0494495373110988, 0, 0], [0, 4.0494495373110988, 60.26714645117198, 0, 2.7063220793284013], [0.49157437216728211, 0, 0, 4.6537558320723065, 0.63591622538334402], [0, 0, 2.7063220793284013, 0.63591622538334402, 2.963983139814701]]
13 	[10.705083589427367, -13.11678783735743, -1.1471227129974402, -7.634528396594945, -9.175521247034073] 	[[24.261167464594887, 0, 0, 0, 0], [0, 17.250739750026543, 0, 1.3317769308131626, 0], [0, 0, 0.39253231237394687, 0, 0], [0, 1.3317769308131626, 0, 14.43026282317334, 0.71623254225455568], [0, 0, 0, 0.71623254225455568, 7.875682748379605]]
14 	[20.650780348624266, -14.981230694386955, -5.77767145775735, -12.559910419717479, -8.897671338115943] 	[[129.12435053919782, 0, 0, 0, 7.1975777148469566], [0, 26.41250683004843, 0.31879232827439874, 0.03301901976951415, 0], [0, 0.31879232827439874, 3.0956375338848092, 0, 0], [0, 0.03301901976951415, 0, 24.361460199643577, 0], [7.1975777148469566, 0, 0, 0, 10.455532698283422]]
15 	[5.86387915523515, -14.465592815011465, -4.718857020068228, 1.9787500071054183, -9.886869260987915] 	[[11.518493593774757, 0, 1.465614727106554, 0, 0], [0, 54.89989672121173, 1.3890115011958939, 0, 0], [1.465614727106554, 1.3890115011958939, 3.235189370066408, 0.091363921663444383, 1.2455881194366696], [0, 0, 0.091363921663444383, 0.18858149631271792, 0.39966935303308032], [0, 0, 1.2455881194366696, 0.39966935303308032, 14.66300560704731]]
